latitude: 43.89622979706799
longitude: -79.2262680468249